1664059166 1431713964 0.712962962963
1246164433 1431712389 0.430089671206
1246164433 1431712234 0.445091989487
455611507 1431711280 0.823749332384
624531763 1431708251 0.739130434783
611654080 1431708249 0.739130434783
1020397926 1431707539 0.700598802395
2291033166 1431706888 0.436827195467
3034424365 1431706753 0.0235783633842
397949068 1431705533 0.656922228351
16474781 1431690471 0.77031154551
591241651 1431687858 0.77031154551
36652279 1431682562 0.534562211982
23227936 1431680784 0.793510324484
110692399 1431666379 0.494423791822
17774967 1431652900 0.666666666667
3182840187 1431645631 0.524178950091
1388379596 1431645301 0.524178950091
2684865902 1431627563 0.320034925112
17774967 1431608748 0.103816793893
17774967 1431608618 0.278594478308
1128097964 1431603881 0.705802968961
2359028480 1431603023 0.589864652188
3026987458 1431603021 0.594760404576
166005209 1431601750 0.46854505708
3075812854 1431601701 0.589864652188
749069754 1431601700 0.626703874638
1004395910 1431601687 0.589864652188
505267902 1431601686 0.589864652188
2976206477 1431601640 0.588713534194
1547574926 1431601638 0.589864652188
539228727 1431601424 0.496467391304
3047138102 1431600799 0.532191877742
990802033 1431600734 0.747868453106
70896129 1431599541 0.747868453106
429131939 1431599167 0.747868453106
15557246 1431585336 0.727272727273
2359028480 1431581825 0.797680412371
1404087277 1431578191 0.654516640254
2842483768 1431577509 0.577419354839
2842483768 1431576154 0.555891238671
1388379596 1431567422 0.524178950091
490179072 1431543491 0.7377860235
1404087277 1431542918 0.444141689373
3182840187 1431540287 0.524178950091
1388379596 1431540059 0.524178950091
17774967 1431536105 0.690695820522
18294521 1431530756 0.7377860235
408777266 1431523192 0.549468520033
727472528 1431521597 0.7377860235
2359028480 1431517645 0.742574257426
1241258612 1431515105 0.495119787045
2864397183 1431512435 0.34693877551
36652279 1431511250 0.63388510224
2816884699 1431509836 0.625101874491
1877831 1431509043 0.684412637459
143115107 1431507959 0.535179520206
2359028480 1431507890 0.505882352941
379962842 1431506484 0.737931034483
18662449 1431505533 0.737931034483
17774967 1431485377 0.529309421842
36652279 1431484907 0.333333333333
1388379596 1431484622 0.524178950091
23227936 1431479952 0.458167330677
23227936 1431479675 0.458167330677
312149882 1431475909 0.77827884254
2359028480 1431472350 0.407407407407
16054602 1431471351 0.818181818182
153876973 1431466805 0.412823397075
312149882 1431465498 0.747868453106
143115107 1431446860 0.515254237288
24842995 1431444169 0.747868453106
292374563 1431439925 0.634502923977
27839828 1431439023 0.69087893864
1902698234 1431435766 0.0
2359028480 1431431379 0.40655105973
539228727 1431429098 0.583765212834
208591348 1431428484 0.747868453106
208591348 1431424758 0.500639658849
2864397183 1431422285 0.714285714286
2373735295 1431422112 0.5625
17774967 1431421615 0.318352059925
17774967 1431420959 0.613698630137
16474781 1431420754 0.401335311573
17774967 1431420010 0.426311887305
18686907 1431415483 0.588785046729
27688964 1431414705 0.688255845203
3761241 1431412460 0.412820512821
144658847 1431409042 -0.340206185567
19087651 1431408714 0.434610303831
3761241 1431408460 0.28999524338
3761241 1431408459 0.28999524338
1679568758 1431408400 -0.229931972789
1679568758 1431405059 0.787878787879
2914005945 1431404610 0.566418116542
1664059166 1431403923 1.0
110692399 1431403710 0.320346320346
18956073 1431394508 1.0
2359028480 1431387914 0.635140330642
2799497911 1431387733 1.0
2864397183 1431384634 0.128205128205
28818582 1431383854 0.128205128205
32922549 1431381773 0.460251046025
379962842 1431375885 0.533642179572
153876973 1431374893 1.0
18956073 1431374827 1.0
3182840187 1431374538 0.524178950091
1388379596 1431374411 0.524178950091
2359028480 1431372336 0.875
815911554 1431370774 0.533642179572
144658847 1431369864 0.533642179572
27839828 1431368183 0.815730337079
18956073 1431367477 1.0
234540332 1431365704 1.0
20073874 1431365507 1.0
18956073 1431365506 1.0
29222106 1431365506 1.0
17774967 1431364682 0.629901960784
49035671 1431363853 0.714865962632
153876973 1431363485 1.0
153876973 1431363485 1.0
234540332 1431363483 1.0
18956073 1431363482 1.0
20073874 1431363309 1.0
18956073 1431363308 1.0
29222106 1431363308 1.0
815911554 1431363068 0.697037037037
397949068 1431362051 0.552217656228
17774967 1431361211 0.348869088417
17774967 1431360767 0.490727002967
17774967 1431360451 0.321850824697
137413599 1431360214 0.749882659713
46671396 1431359282 0.561098654709
2715611875 1431357108 0.706956092748
150146062 1431356629 0.534798534799
1623287251 1431356202 0.577419354839
17774967 1431355553 0.194295396781
153876973 1431354670 0.577419354839
1669934971 1431354360 0.577419354839
3034424365 1431353992 0.283018867925
153876973 1431353201 0.577419354839
787546010 1431352418 0.577419354839
153876973 1431352082 0.469802362813
17019081 1431351800 0.734181753002
17774967 1431351779 0.52889324192
3761241 1431350320 0.468555484009
28818582 1431350311 0.469842319991
3182840187 1431345333 0.706956092748
150146062 1431344230 1.0
3182840187 1431342410 0.706956092748
150146062 1431339846 1.0
1245915560 1431337713 0.642361111111
2498176631 1431337067 0.861665658399
455611507 1431337034 0.725679758308
455611507 1431335628 0.777882205514
143115107 1431334975 0.535179520206
490179072 1431334290 0.172932330827
2498176631 1431334000 0.475935828877
2498176631 1431333228 0.425151611874
46671396 1431333126 0.781532890766
455611507 1431331984 0.56978715389
2373735295 1431330948 0.5625
15754281 1431330669 0.608510638298
16682307 1431329880 0.808285946385
1404087277 1431329804 0.642361111111
144658847 1431329708 0.544941380808
14857525 1431328461 0.749916191753
110692399 1431326703 0.642361111111
1241261306 1431325143 0.573280159521
2207430032 1431324785 0.749916191753
1679568758 1431324753 0.544941380808
110692399 1431324673 0.369127516779
153876973 1431324157 0.776817584069
1388379596 1431322285 0.524178950091
2207430032 1431319264 0.749916191753
2809161682 1431314730 0.269293924466
3033503267 1431314294 0.520655513827
3033503267 1431313087 0.520655513827
2207430032 1431313085 0.749916191753
1241261306 1431311840 0.606834249804
16682307 1431311027 0.73124300112
3033503267 1431310933 0.511764705882
3033608201 1431310932 0.511764705882
2207430032 1431309065 0.749916191753
17774967 1431306843 0.757894736842
455611507 1431306030 0.450777202073
2207430032 1431305404 0.749916191753
1245915560 1431304891 0.561242528832
3182840187 1431303803 0.561242528832
2207430032 1431301624 0.749916191753
379962842 1431298288 0.635370794434
2207430032 1431297663 0.749916191753
58446094 1431294522 0.808846761453
2207430032 1431294485 0.749916191753
2207430032 1431290765 0.749916191753
9300262 1431290171 -0.777777777778
18891281 1431288630 -0.436363636364
343096504 1431288031 0.683999270206
2207430032 1431286685 0.749916191753
408777266 1431284113 0.425081985751
2809161682 1431283455 0.269293924466
1404087277 1431281950 0.683999270206
225423130 1431280527 0.269293924466
2252685866 1431278374 0.438818565401
2809161682 1431278020 0.269293924466
2359028480 1431277264 0.462611806798
2359028480 1431277163 0.512899724472
343096504 1431276453 0.447054390152
23620605 1431276445 0.697150148873
3097038881 1431276208 0.736245507327
3078706621 1431276183 0.697150148873
429131939 1431276034 0.718006511395
2976206477 1431275974 0.697150148873
1623287251 1431275966 0.697150148873
727472528 1431274587 0.796103896104
238265927 1431273195 0.57968024755
379962842 1431273025 0.57968024755
16682307 1431272473 0.236075625958
2261405917 1431272449 0.17855227882
2359028480 1431269992 0.541401273885
428708272 1431269678 0.917050691244
2777785823 1431267842 0.508188265635
16682307 1431265894 0.73124300112
2809161682 1431263807 0.269293924466
1692174140 1431263265 0.866666666667
2842483768 1431262924 0.514285714286
740912545 1431262632 0.575613079019
2207430032 1431262628 0.749916191753
17038090 1431261573 0.47703180212
278816602 1431261042 0.474180617779
27839828 1431260118 0.450777202073
27839828 1431259863 0.65130483065
244317966 1431255339 0.522388059701
153876973 1431254941 0.533333333333
15557246 1431254747 0.780098280098
17774967 1431254210 0.275252525253
3094541350 1431254187 0.447710184552
705564782 1431252765 0.130434782609
2664603404 1431252063 0.799624295554
993375716 1431251631 0.517406143345
284566108 1431251328 0.600174978128
993375716 1431250486 0.70442144873
122209166 1431249705 0.747868453106
976988131 1431247785 0.923076923077
976988131 1431247431 0.923076923077
976988131 1431246995 0.923076923077
2842483768 1431246846 0.514285714286
2579007270 1431246396 0.8031107739
2914005945 1431246041 0.818181818182
18686907 1431244865 0.680365296804
166005209 1431242391 0.726471951785
46671396 1431240906 0.664196699225
17774967 1431239114 0.290407045941
2498176631 1431238012 0.550910316925
1679568758 1431237969 0.585365853659
18944014 1431236349 0.734513274336
18944014 1431236344 0.555555555556
18944014 1431236335 0.418181818182
18944014 1431236165 0.518392370572
241640955 1431235357 0.626794258373
17774967 1431234784 0.378464142162
284566108 1431233509 0.574864235842
552367974 1431232993 0.522727272727
66466160 1431232744 0.0424628450106
321353408 1431231107 0.55966469428
289148078 1431230111 0.792123950936
17774967 1431229510 0.871121718377
289148078 1431229444 0.792123950936
17774967 1431229209 0.527380365072
3025097440 1431229037 0.344176285414
383867563 1431228873 0.46735395189
110692399 1431228273 0.607079646018
17774967 1431227878 0.516955898742
17774967 1431227364 0.371900826446
17774967 1431227245 0.494794520548
40173650 1431226783 0.348591549296
17774967 1431225407 0.0770855332629
17774967 1431225007 0.648582995951
343096504 1431224066 0.52777126787
9300262 1431222907 0.527688250806
2373735295 1431222310 0.5625
3033503267 1431221321 0.333333333333
3033608201 1431220453 0.333333333333
122209166 1431220443 0.747868453106
2459655756 1431220033 0.333333333333
3033608201 1431219798 0.333333333333
2842483768 1431219316 0.333333333333
2842483768 1431214624 0.266666666667
20722768 1431213541 0.746804625685
3033503267 1431213519 1.0
3033503267 1431213247 1.0
3033503267 1431212956 1.0
3033608201 1431211448 0.339805825243
740912545 1431210977 0.430890052356
40173650 1431209982 0.543538038497
18662449 1431209930 0.850658350658
1388379596 1431208804 0.524178950091
815911554 1431208415 0.593563419251
815911554 1431206607 0.430890052356
993375716 1431206028 0.700483091787
2809161682 1431204140 0.269293924466
3079603700 1431201111 0.749916191753
1259497776 1431199774 0.608872058426
3033608201 1431199596 0.333333333333
241983890 1431199372 0.749916191753
2689958113 1431199240 0.749916191753
40173650 1431199182 0.691102990529
14857525 1431198897 0.749916191753
477239871 1431197941 0.749916191753
2459655756 1431195999 0.333333333333
2777785823 1431195640 0.597040531846
2291033166 1431193563 0.643746494672
17774967 1431193468 0.356816191496
2809161682 1431193270 0.269293924466
17774967 1431192779 0.605633802817
160930875 1431190873 0.550673696544
552367974 1431189664 0.764637002342
2459655756 1431189073 0.3516801854
3033608201 1431189071 0.3516801854
8736882 1431188560 0.686274509804
40173650 1431188382 0.784615384615
3065675733 1431188348 0.55041031653
371252047 1431186829 0.445099089448
17019081 1431186499 0.608598962194
143115107 1431186101 0.535179520206
3033503267 1431186016 1.0
397949068 1431185751 0.52777126787
2459655756 1431184987 0.333333333333
2777785823 1431184921 0.0377358490566
16884804 1431184206 0.5625
9300262 1431184027 0.527688250806
266715173 1431182461 0.307661290323
17774967 1431182279 0.540482837904
17824498 1431181563 0.747868453106
17824498 1431181280 0.747868453106
32922549 1431180912 0.46
14857525 1431180256 0.46
17019081 1431180228 0.496062992126
238265927 1431179926 0.684210526316
2359028480 1431179685 0.622052704577
259202358 1431179522 0.658354009841
2980843825 1431178488 0.31652173913
2980843825 1431178328 0.661497855493
143115107 1431177353 0.515254237288
2980843825 1431176920 0.69123783032
2980843825 1431176831 0.509416195857
1241258612 1431175805 0.511701012924
17019081 1431175109 0.56605424322
3033503267 1431174858 1.0
17019081 1431174569 0.778737182947
17019081 1431174527 0.778737182947
371252047 1431173372 0.620320855615
110692399 1431171278 0.537450722733
17774967 1431171169 0.428818943113
3033503267 1431170876 1.0
3033503267 1431170873 1.0
2842483768 1431170045 0.682502896871
2777785823 1431169759 0.626794258373
18383195 1431169712 0.517519130085
153876973 1431169518 1.0
18956073 1431169275 1.0
23227936 1431169018 0.537450722733
1245915560 1431168904 0.537450722733
2359028480 1431168709 0.46
3182840187 1431168230 0.537450722733
1241258612 1431168068 0.675345602578
40173650 1431166783 0.747336377473
23620605 1431166382 0.626794258373
968291256 1431166055 -0.285714285714
2664603404 1431165654 -0.285714285714
166005209 1431165209 0.726471951785
296493118 1431165071 -0.285714285714
19087651 1431162907 0.406593406593
110692399 1431162295 0.788659793814
110692399 1431162053 0.697445972495
73699142 1431161673 0.517519130085
33611715 1431161453 0.575654050166
18686907 1431159934 0.537340619308
20722768 1431159380 0.502994011976
3026987458 1431159361 0.835294117647
1128097964 1431159346 0.705802968961
2664603404 1431158463 -0.285714285714
2689958113 1431158408 -0.285714285714
3094541350 1431156767 0.0828402366864
149938650 1431156648 -0.303550973654
110692399 1431155810 0.720151269584
27839828 1431155343 0.808846761453
19087651 1431155058 0.853728883395
19087651 1431154519 0.604606029241
2459655756 1431153985 0.514285714286
18686907 1431153569 0.353177795656
18686907 1431153395 0.247058823529
150146062 1431152714 0.333333333333
2282413016 1431152536 0.799739921977
3146652697 1431152416 0.647058823529
1388379596 1431150785 0.524178950091
259202358 1431150244 0.658354009841
110692399 1431149719 0.607079646018
740912545 1431149361 0.664522393494
259202358 1431149243 0.747868453106
3146652697 1431148808 0.647058823529
241640955 1431148627 0.502994011976
2842483768 1431148148 0.514285714286
19365750 1431147216 -0.109375
1246164433 1431146305 0.653953488372
110692399 1431146183 0.523123835338
1902698234 1431145314 0.818181818182
241640955 1431144687 0.681870011403
284566108 1431144319 0.836996336996
3065675733 1431144096 0.866802443992
95431448 1431144049 0.798692810458
16884804 1431143529 0.5
244317966 1431143467 0.67501456028
1623287251 1431143149 0.787735849057
1623287251 1431143148 0.846153846154
3761241 1431142818 0.437583296313
2809161682 1431142677 0.269293924466
2498176631 1431142598 0.84909301428
40173650 1431141583 0.746804625685
1902698234 1431141454 0.62890625
1259497776 1431141268 0.0871794871795
153876973 1431141129 0.818181818182
270817509 1431140810 0.747868453106
2498176631 1431140262 0.866802443992
1245915560 1431140174 0.535179520206
28818582 1431140029 0.818181818182
1128097964 1431139981 0.705802968961
17774967 1431139907 0.253064798599
2941365709 1431139797 0.971241830065
166002047 1431139388 0.67161334241
73699142 1431139231 0.653773584906
238265927 1431139032 0.650831353919
3033503267 1431138974 0.702099737533
3761241 1431138717 0.437583296313
137413599 1431138716 0.866802443992
3033503267 1431138701 0.702099737533
1902698234 1431138436 0.818181818182
1241258612 1431137162 0.253064798599
1259497776 1431137049 0.253256150507
137413599 1431136031 0.866802443992
2373735295 1431135910 0.5625
477239871 1431135567 0.502994011976
2689958113 1431135301 0.502994011976
270817509 1431135213 0.425531914894
149938650 1431135145 0.502994011976
270817509 1431135027 0.406593406593
3034424365 1431134998 0.739130434783
2201850816 1431134737 0.502994011976
137413599 1431134508 0.866965012205
137413599 1431134507 0.866802443992
227259371 1431133883 0.425531914894
19365750 1431133763 0.666666666667
273465530 1431133474 0.425531914894
16054602 1431133273 0.698113207547
9300262 1431133211 0.406593406593
153876973 1431132574 0.866802443992
3761241 1431132562 0.437583296313
1304762178 1431131301 0.754622330515
624531763 1431131300 0.754622330515
611654080 1431131300 0.754622330515
40173650 1431130783 0.6911720847
227259371 1431130028 0.550122249389
2593165068 1431129050 0.747868453106
2201850816 1431128527 0.866802443992
3761241 1431128363 0.437583296313
2359028480 1431128141 0.770879915823
3094541350 1431128075 1.0
26566469 1431127926 0.550122249389
95431448 1431127861 0.748398902104
244317966 1431127784 0.333333333333
3146652697 1431126608 0.647058823529
2800244211 1431126201 0.639618138425
2809161682 1431125753 0.269293924466
153876973 1431125396 0.62890625
1664059166 1431125296 -0.232987604351
379962842 1431124748 0.670190942086
2842483768 1431124519 0.514285714286
2842483768 1431124345 0.514285714286
490179072 1431123951 0.138000809389
490179072 1431123949 0.138000809389
3078706621 1431123943 -0.285714285714
3079603700 1431122296 0.818181818182
1679568758 1431121893 0.670190942086
2279678299 1431121867 0.738626226583
2279678299 1431121547 0.800910865322
18891281 1431121125 0.711128650355
3065675733 1431120912 0.52380952381
2955551567 1431120841 0.747868453106
18662449 1431120805 0.670190942086
3097038881 1431120758 0.670190942086
122209166 1431119269 0.747868453106
408777266 1431119200 0.818181818182
3065675733 1431118895 0.851851851852
1228840274 1431118530 0.0871794871795
1692174140 1431118203 0.71738091445
3034424365 1431118195 0.0871794871795
18383195 1431118123 0.703703703704
2809161682 1431117979 0.269293924466
2955551567 1431117956 0.715
19458818 1431117484 0.561904761905
1228840274 1431116467 0.553191489362
1228840274 1431116457 0.511832319135
2459655756 1431116379 0.766937669377
1664059166 1431115669 0.419798575289
2359028480 1431115120 0.548273120749
16054602 1431114687 0.450980392157
3079603700 1431114412 0.708746618575
2359028480 1431114066 0.439959636731
251648928 1431114010 0.729013254786
58446094 1431113956 0.739130434783
153876973 1431113876 1.0
234540332 1431113843 1.0
18956073 1431113843 1.0
1336965146 1431113585 0.729013254786
149938650 1431113480 0.70442144873
490179072 1431113433 0.172932330827
1259497776 1431113215 0.661318758815
1679568758 1431112982 0.425531914894
9300262 1431112866 0.406593406593
2955551567 1431112659 0.513300492611
3761241 1431112434 0.437583296313
2689958113 1431112367 0.70442144873
1336965146 1431111780 0.739130434783
20073874 1431111687 1.0
18956073 1431111687 1.0
29222106 1431111686 1.0
3034424365 1431111640 0.739130434783
1388379596 1431111618 0.524178950091
2809161682 1431111504 0.269293924466
343096504 1431111488 0.808177302254
227259371 1431110962 0.71738091445
2467791 1431110697 0.71738091445
3761241 1431110689 0.354838709677
153876973 1431110685 0.292929292929
28818582 1431110679 0.352435530086
520976471 1431110245 -0.285714285714
144658847 1431110126 -0.436363636364
2459655756 1431109925 0.333333333333
40173650 1431109183 0.513300492611
32922549 1431108640 0.513300492611
807095 1431107884 0.513673318551
19458818 1431107831 0.799185336049
32922549 1431106457 0.971241830065
17774967 1431106420 0.563391877058
1228840274 1431105814 0.553191489362
14857525 1431105748 0.971241830065
2459655756 1431105728 0.514285714286
408777266 1431105194 0.691176470588
16884804 1431104408 0.964912280702
87995697 1431103833 0.846288720047
110692399 1431103301 0.211295193014
552367974 1431103272 0.64598972738
552367974 1431103271 0.958333333333
552367974 1431103268 0.786102719033
96363359 1431103088 0.156862745098
20722768 1431102916 0.746804625685
2941365709 1431102438 -0.285714285714
408777266 1431102420 0.6030651341
40173650 1431101984 0.808177302254
2261405917 1431101492 0.138000809389
408777266 1431101324 0.624394966118
96363359 1431101119 0.156862745098
1228840274 1431101092 -0.0217917675545
624525019 1431100804 -0.285714285714
371252047 1431100789 0.650728862974
2261405917 1431100360 0.661320402835
591241651 1431100351 1.0
110692399 1431099909 0.702431240026
1664059166 1431099418 -0.122428991185
2359028480 1431099116 0.333333333333
591241651 1431099095 0.661538461538
9300262 1431099026 -0.124080431584
2459655756 1431098408 0.514285714286
28818582 1431098081 0.763636363636
3146652697 1431097810 0.647058823529
477239871 1431097584 0.971241830065
121812371 1431097278 0.594936708861
17774967 1431096952 0.492890120037
289148078 1431096307 0.605700712589
3761241 1431096167 0.4625
2291033166 1431096147 0.673837102409
1020397926 1431095786 0.605700712589
1241258612 1431095702 0.492890120037
2842483768 1431095654 0.514285714286
570213392 1431095596 0.845052083333
1887577879 1431095507 0.885245901639
2719426832 1431095491 0.885245901639
2543131938 1431095487 0.885245901639
2719398480 1431095487 0.885245901639
153876973 1431095366 0.498412698413
529700870 1431095225 0.124076586763
520976471 1431095159 0.971241830065
2459655756 1431094752 0.333333333333
251648928 1431094650 0.605700712589
563455743 1431094601 0.573170731707
289148078 1431094386 0.609022556391
1228840274 1431094228 0.605700712589
244317966 1431094117 0.872573419612
1336965146 1431094050 0.605700712589
289148078 1431094035 0.605700712589
2279678299 1431093839 0.800910865322
2593165068 1431093337 0.493046209062
2467791 1431093261 0.70442144873
292374563 1431093135 0.828571428571
3761241 1431093130 0.0368349249659
1692174140 1431093061 0.600282087447
251648928 1431092725 0.808846761453
2279678299 1431092512 0.738626226583
153876973 1431092477 0.498412698413
2864397183 1431092256 0.375
2279678299 1431091805 0.738626226583
976988131 1431091648 0.802631578947
16012783 1431091644 0.456095481671
976988131 1431091514 0.676123685049
611915772 1431090908 0.332638164755
17774967 1431090388 0.491763834907
2459655756 1431090077 0.766937669377
17774967 1431089923 0.462858238282
19458818 1431089710 0.522123893805
213098960 1431089401 0.517519130085
1162112953 1431089291 0.753986332574
122209166 1431089210 0.600282087447
312149882 1431088879 0.818861653511
624525019 1431088805 0.971241830065
371252047 1431088631 0.0798668885191
284566108 1431088417 1.0
137064173 1431088385 0.531128930534
49035671 1431088376 0.70092226614
24481831 1431088369 0.364928909953
1623287251 1431088350 -0.514018691589
539228727 1431088107 0.492405472369
27066806 1431087839 0.626303854875
16884804 1431087604 0.5
624525019 1431087604 0.971241830065
40173650 1431087584 0.634228187919
18294521 1431087484 0.680526010443
28818582 1431087477 0.364928909953
213098960 1431087447 0.364928909953
28818582 1431087415 0.364928909953
26566469 1431087010 0.196167883212
58446094 1431086879 0.808846761453
9300262 1431086423 -0.124080431584
16884804 1431086410 0.964912280702
383867563 1431086349 0.314685314685
1241258612 1431086285 0.527380365072
2467791 1431086151 0.700118063754
611915772 1431085954 0.575654050166
1128097964 1431085917 0.705802968961
383867563 1431085774 0.64598972738
216311829 1431085464 0.492890120037
1336965146 1431085363 0.851851851852
740912545 1431085207 0.948717948718
624525019 1431085204 0.971241830065
3075812854 1431085192 0.653773584906
749069754 1431085192 0.705802968961
1004395910 1431085180 0.653773584906
505267902 1431085179 0.653773584906
17715247 1431085162 0.58940397351
3097038881 1431085059 0.808846761453
990802033 1431085045 0.753688989784
2593165068 1431084898 0.700118063754
1692174140 1431084712 0.401544401544
2209587206 1431084671 0.401544401544
9300262 1431084613 0.698823529412
19087651 1431084549 0.473259993465
2467791 1431084547 0.401544401544
429131939 1431084545 0.747868453106
8736882 1431084497 0.801354401806
1692174140 1431084370 0.70092226614
2864397183 1431084325 0.764854614412
2359028480 1431084272 0.602564102564
216311829 1431084250 0.491763834907
552792262 1431084207 0.0154867256637
1547574926 1431084181 0.653773584906
563455743 1431084155 0.646076794658
865474436 1431084042 0.700118063754
853727768 1431084041 0.709469813055
309407203 1431084041 0.700118063754
854907884 1431084039 0.700118063754
216311829 1431083982 0.411751904244
153876973 1431083893 0.769230769231
47382788 1431083786 0.700118063754
70896129 1431083687 0.747868453106
3761241 1431083647 0.677862999207
2359028480 1431083516 0.652901388394
143115107 1431083430 0.535179520206
3146652697 1431083409 0.647058823529
853727768 1431083291 0.709469813055
309407203 1431083272 0.700118063754
865474436 1431083266 0.700118063754
854907884 1431083257 0.700118063754
27688964 1431082975 0.53164556962
1241258612 1431082902 0.411751904244
2359028480 1431082896 0.704163142562
2359028480 1431082870 0.697536108751
3075812854 1431082737 0.517519130085
749069754 1431082736 0.710621506084
1004395910 1431082727 0.517519130085
312149882 1431082624 0.818861653511
244317966 1431082542 0.517519130085
624531763 1431082528 0.695188892477
611654080 1431082525 0.695188892477
3025097440 1431082519 0.0144032921811
28818582 1431082462 0.517519130085
225423130 1431082412 0.773143759874
3034424365 1431082380 0.341827768014
520976471 1431082370 0.646076794658
3047138102 1431082200 0.104930467762
383867563 1431082165 0.958333333333
2349823937 1431082103 0.634047896672
2349823937 1431082089 0.666666666667
2349823937 1431082082 0.524542829644
2349823937 1431082075 0.367745249101
2349823937 1431082060 -1.0
2349823937 1431082057 0.528414755733
2349823937 1431082048 0.522750955193
2349823937 1431082041 0.49185788305
3034424365 1431081805 0.0181818181818
1020397926 1431081477 0.70092226614
24842995 1431081447 0.971241830065
3761241 1431081367 0.4332247557
1162112953 1431081362 0.747868453106
1162112953 1431081258 0.642147117296
208591348 1431081188 0.785714285714
1020397926 1431081188 0.28338762215
2976206477 1431081133 0.896103896104
1547574926 1431081132 0.517519130085
1128097964 1431081130 0.705802968961
552792262 1431080998 0.747868453106
166002047 1431080997 0.70442144873
1241258612 1431080985 0.343650512911
27688964 1431080759 0.701492537313
2359028480 1431080715 0.517519130085
3026987458 1431080711 0.835294117647
1228840274 1431080608 0.511832319135
611654080 1431080605 0.800259403372
611654080 1431080605 0.704163142562
990802033 1431080539 0.747868453106
429131939 1431080532 0.747868453106
27688964 1431080462 0.3312155158
520976471 1431080229 0.971241830065
16012783 1431079920 0.118040089087
408777266 1431079872 0.49185788305
27688964 1431079853 0.118040089087
16012783 1431079716 0.49185788305
70896129 1431079659 0.747868453106
312149882 1431079566 0.818861653511
787546010 1431079000 0.772675086108
309407203 1431078821 0.70442144873
853727768 1431078818 0.70442144873
865474436 1431078816 0.70442144873
854907884 1431078815 0.70442144873
1246164433 1431078789 0.911628929435
2252685866 1431078618 0.479160508424
2252685866 1431078617 0.225732337737
2252685866 1431078614 0.718309859155
383867563 1431078429 0.786102719033
429131939 1431078397 0.710234680574
425109461 1431078377 0.70442144873
40173650 1431078283 0.410813542193
871058148 1431078239 0.747868453106
871058148 1431078121 0.747868453106
266715173 1431078067 0.704918032787
321353408 1431078000 0.722421086886
2593165068 1431077975 0.792191435768
2579007270 1431077895 0.901778154107
153876973 1431077807 0.741206030151
17038090 1431077527 0.971241830065
624525019 1431077404 0.971241830065
727472528 1431077336 0.575654050166
66466160 1431077153 0.170182841069
66466160 1431077140 0.696948190206
266715173 1431077042 0.584665635207
20722768 1431076956 0.746804625685
46671396 1431076926 0.662337662338
247870043 1431076566 0.575654050166
563455743 1431076447 0.793018983466
2359028480 1431076265 0.639651707971
26566469 1431076210 0.368142762723
17774967 1431076169 0.5
17774967 1431076112 0.595564027032
16884804 1431076054 0.5
2684865902 1431076023 0.361777777778
1887577879 1431075989 0.724750277469
1887577879 1431075988 0.781900452489
2585970941 1431075983 0.724750277469
2585970941 1431075982 0.781900452489
2719426832 1431075978 0.724750277469
2719426832 1431075976 0.781900452489
2719398480 1431075974 0.724750277469
2719398480 1431075973 0.781900452489
2543131938 1431075945 0.781900452489
552367974 1431075700 0.971241830065
562519702 1431075699 0.971241830065
383867563 1431075698 0.971241830065
2156561740 1431075596 0.79477124183
2282413016 1431075548 0.770202020202
2282413016 1431075548 0.895023858214
1246164433 1431075540 0.948717948718
289148078 1431075367 0.727961223872
2156561740 1431075210 0.751773049645
383867563 1431075192 0.71960734961
408777266 1431075122 0.698412698413
2261405917 1431075080 -0.122428991185
624525019 1431075005 0.971241830065
2864397183 1431074856 0.333333333333
2800244211 1431074698 0.518427518428
2156561740 1431074664 0.661993179235
27198487 1431074627 0.613835376532
15557246 1431074609 0.332444148049
96363359 1431074597 0.423466924191
244317966 1431074588 0.619197056596
87995697 1431074534 0.518427518428
160930875 1431074409 0.518427518428
17038090 1431074237 0.410813542193
244317966 1431074236 0.909800520382
1020397926 1431074230 0.909800520382
15557246 1431074176 0.530065689742
1020397926 1431074081 0.70092226614
2914005945 1431073967 0.875
216311829 1431073929 0.5
2279678299 1431073885 0.647058823529
18383195 1431073866 0.530932594645
28818582 1431073863 0.530932594645
292374563 1431073862 1.0
289148078 1431073830 0.70092226614
624525019 1431073805 0.971241830065
9300262 1431073751 -0.124080431584
2579007270 1431073691 0.901778154107
3026987458 1431073671 0.971241830065
19458818 1431073596 0.549931600547
2715611875 1431073576 0.613835376532
397949068 1431073534 0.599365234375
16054602 1431073433 0.818181818182
1623287251 1431073388 0.72972972973
2684865902 1431073339 0.493975903614
2359028480 1431073120 0.564928909953
2359028480 1431073119 0.773179252889
3025097440 1431073016 -0.0461538461538
787546010 1431072909 0.410813542193
2282413016 1431072849 0.538065843621
1547574926 1431072809 0.710703953713
2487791838 1431072668 0.622360248447
312149882 1431072515 0.747868453106
244317966 1431072466 0.711519845111
150146062 1431072461 0.711519845111
3034424365 1431072285 0.474450386215
3761241 1431072246 0.505124450952
2800244211 1431072219 0.700934579439
2359028480 1431072014 0.70092226614
2359028480 1431072014 0.304347826087
624525019 1431072005 0.971241830065
428708272 1431071973 0.351000170969
3761241 1431071891 0.548045062956
292374563 1431071872 1.0
428708272 1431071771 0.664687390849
49035671 1431071687 0.138983050847
3761241 1431071508 0.429326287979
3034424365 1431071360 0.571314316182
27066806 1431071326 0.493975903614
1877831 1431071280 0.505158306652
1241261306 1431071145 0.669426374926
18944014 1431071108 0.800259403372
1623287251 1431071092 0.70092226614
2864397183 1431071078 0.178082191781
2359028480 1431070978 0.545988258317
273581084 1431070830 0.801534036433
865474436 1431070653 -0.11797752809
854907884 1431070626 -0.11797752809
309407203 1431070625 -0.11797752809
853727768 1431070624 -0.11797752809
247870043 1431070618 0.622360248447
312149882 1431070516 0.818861653511
166002047 1431070496 0.774193548387
1669934971 1431070427 0.622360248447
137064173 1431070415 0.446721311475
213098960 1431070320 0.545988258317
3047138102 1431070215 0.378727191811
624525019 1431070205 0.971241830065
26566469 1431070147 0.537478210343
3034424365 1431070138 0.209377526273
27066806 1431070113 0.608598962194
807095 1431069993 0.622360248447
27066806 1431069969 0.374680306905
1877831 1431069933 0.622360248447
1304762178 1431069930 0.699213630406
624531763 1431069928 0.699213630406
611654080 1431069926 0.699213630406
289148078 1431069924 0.446721311475
27066806 1431069848 0.468892261002
792660210 1431069846 0.43372982158
1304762178 1431069833 0.699213630406
624531763 1431069831 0.699213630406
611654080 1431069831 0.699213630406
27066806 1431069774 0.353804347826
2579007270 1431069707 0.571603427173
40173650 1431069586 0.728465955701
3034424365 1431069414 0.571314316182
19365750 1431069400 0.138000809389
2579007270 1431069383 0.909800520382
2809161682 1431069361 0.439309919901
2487791838 1431069073 0.694362017804
1228840274 1431069055 0.714624740433
2593165068 1431069009 0.747868453106
624525019 1431069004 0.971241830065
2593165068 1431068987 0.747868453106
2487791838 1431068884 0.514503816794
2279678299 1431068702 0.511832319135
990802033 1431068529 0.747868453106
20722768 1431068520 0.746804625685
20722768 1431068506 0.746804625685
1162112953 1431068394 0.642147117296
20722768 1431068222 0.514285714286
20722768 1431068211 0.800259403372
1241261306 1431068063 0.528700906344
3761241 1431068055 0.484382212648
28818582 1431068043 0.622195985832
1241261306 1431068017 0.554960981048
383867563 1431067807 0.797175866496
3097038881 1431067774 0.664880314398
1228840274 1431067745 0.511832319135
1228840274 1431067745 0.553191489362
278816602 1431067583 0.528700906344
312149882 1431067547 0.818861653511
3034424365 1431067521 0.0181818181818
383867563 1431067417 0.764637002342
383867563 1431067416 0.522727272727
3025097440 1431067413 0.0851063829787
244317966 1431067393 0.545988258317
2976206477 1431067231 0.545988258317
1547574926 1431067230 0.545988258317
1128097964 1431067229 0.705802968961
624525019 1431067205 0.971241830065
552792262 1431067149 0.747868453106
137064173 1431066996 0.802631578947
24481831 1431066935 0.44578313253
3761241 1431066814 0.425287356322
160930875 1431066790 0.782869612657
1275624552 1431066788 0.782869612657
1275624552 1431066787 0.782869612657
1228840274 1431066765 0.0196078431373
3025097440 1431066763 0.325095867064
28818582 1431066716 0.545988258317
3075812854 1431066710 0.545988258317
749069754 1431066710 0.651323104292
1004395910 1431066697 0.545988258317
505267902 1431066696 0.545988258317
867070008 1431066695 0.582241630277
70896129 1431066675 0.747868453106
166005209 1431066630 0.966321243523
429131939 1431066591 0.747868453106
1669934971 1431066576 -1.0
321353408 1431066461 0.463450292398
273581084 1431066442 0.533660276416
18891281 1431066429 -1.0
92157633 1431066330 -1.0
87995697 1431066324 0.782869612657
1141293757 1431066241 0.799098518995
1141293757 1431066232 0.799098518995
92157633 1431066168 -1.0
2593165068 1431065873 0.782869612657
2593165068 1431065872 0.627379873073
1664059166 1431065830 0.797297297297
289148078 1431065767 0.076816127911
2252685866 1431065758 0.801307189542
273465530 1431065651 0.694362017804
3187732371 1431065609 0.393258426966
3034424365 1431065576 0.13785046729
705564782 1431065531 0.800259403372
1336965146 1431065450 0.799098518995
624525019 1431065405 0.971241830065
247870043 1431065195 -1.0
273581084 1431065177 0.645951035782
17824498 1431064897 0.746804625685
383867563 1431064897 0.971241830065
2467791 1431064889 0.393258426966
95431448 1431064887 0.438180956892
552367974 1431064880 0.971241830065
562519702 1431064874 0.971241830065
244317966 1431064720 0.594405594406
2579007270 1431064693 0.835103244838
95431448 1431064503 0.7004048583
16474781 1431064429 0.709403916505
1141293757 1431064419 0.799098518995
8736882 1431064419 -0.0666666666667
2941365709 1431064335 0.971241830065
1877831 1431064206 0.728465955701
792660210 1431064175 0.580541800175
383867563 1431064153 0.863186318632
8736882 1431063998 0.495256166983
96363359 1431063865 0.232013622818
17038090 1431063851 0.213114754098
1336965146 1431063625 0.799098518995
23620605 1431063388 -0.122428991185
9300262 1431063310 -0.124080431584
1128097964 1431063278 0.705802968961
2467791 1431063227 0.588325652842
18383195 1431063110 0.544877606528
3026987458 1431062969 0.631382316314
484486640 1431062741 0.971241830065
484486640 1431062741 0.471365638767
867070008 1431062718 0.697783879192
121812371 1431062665 0.483451444592
153876973 1431062594 0.83606557377
96363359 1431062307 0.941656942824
570213392 1431062281 0.584615384615
1141293757 1431062248 0.799098518995
1141293757 1431062245 0.799098518995
241640955 1431062016 0.800259403372
2252685866 1431061930 0.660377358491
2252685866 1431061929 0.784338896021
2715611875 1431061782 0.522750955193
23620605 1431061620 0.799098518995
3075812854 1431061619 0.691033865433
749069754 1431061618 0.693708002443
1004395910 1431061611 0.691033865433
505267902 1431061610 0.691033865433
312149882 1431061541 0.818861653511
2976206477 1431061514 0.691033865433
15754281 1431061478 0.784338896021
1336965146 1431061477 0.459459459459
624525019 1431061206 0.971241830065
2689958113 1431061176 0.807162534435
2487791838 1431061100 0.450915141431
2593165068 1431061011 0.639651707971
2914005945 1431060610 0.685245901639
1141293757 1431060532 0.459459459459
321353408 1431060423 0.300248138958
150146062 1431060366 0.519699013275
3761241 1431060351 0.429326287979
1228840274 1431060044 0.0196078431373
24842995 1431059897 1.0
2279678299 1431059888 0.511832319135
552367974 1431059885 0.767699115044
2579007270 1431059828 0.464298153953
1336965146 1431059743 0.459459459459
28818582 1431059724 0.653876898481
24481831 1431059685 0.647058823529
3094541350 1431059573 0.567671893848
2664603404 1431059521 0.685534591195
24842995 1431059476 0.818861653511
624525019 1431059405 0.971241830065
429131939 1431059405 0.747868453106
121812371 1431059381 -0.15421686747
2799497911 1431059363 -0.15421686747
49035671 1431059288 -0.15421686747
807095 1431059258 -0.15421686747
3047138102 1431059246 0.657082152975
1877831 1431059241 -0.15421686747
990802033 1431059231 0.747868453106
2359028480 1431059154 0.907795473596
2359028480 1431059032 0.691033865433
3761241 1431059014 0.0746543778802
1162112953 1431058920 0.747868453106
40173650 1431058787 0.747868453106
40173650 1431058786 0.747868453106
19365750 1431058666 0.559249628529
1877831 1431058230 0.268880688807
705564782 1431058153 0.450915141431
58446094 1431057947 0.459459459459
1259497776 1431057767 0.0196078431373
2282413016 1431057694 0.696634000852
1336965146 1431057549 0.459459459459
15754281 1431057505 0.450915141431
624531763 1431057423 0.716167664671
28818582 1431057213 0.653876898481
150146062 1431057138 0.907795473596
807095 1431056950 0.524485450674
383867563 1431056678 0.645445641528
278816602 1431056656 0.554960981048
1877831 1431056574 0.524485450674
1141293757 1431056497 0.459459459459
1141293757 1431056481 0.459459459459
383867563 1431056473 0.767699115044
624525019 1431056405 0.971241830065
1877831 1431056179 0.542222590536
24842995 1431056092 0.0383561643836
570213392 1431055905 0.584615384615
2156561740 1431055903 0.685534591195
247870043 1431055722 0.584615384615
1336965146 1431055698 0.459459459459
24842995 1431055667 1.0
2593165068 1431055648 0.444444444444
244317966 1431055629 0.737324373855
552367974 1431055517 0.971241830065
383867563 1431055516 0.971241830065
562519702 1431055514 0.971241830065
14173315 1431055241 0.584615384615
14173315 1431055191 0.584615384615
3026987458 1431055049 0.624551971326
529700870 1431054831 0.453132749215
2941365709 1431054810 0.971241830065
1336965146 1431054673 0.524126455907
8736882 1431054650 0.971241830065
624525019 1431054604 0.971241830065
2800244211 1431054454 0.459459459459
96363359 1431054257 0.941656942824
3034424365 1431054043 0.511832319135
58446094 1431053984 0.459459459459
383867563 1431053978 0.971241830065
552367974 1431053977 0.971241830065
562519702 1431053977 0.971241830065
251648928 1431053919 0.459459459459
563455743 1431053768 0.777644949193
1336965146 1431053594 0.459459459459
17715247 1431053221 0.278301886792
227259371 1431052630 0.45888527868
1141293757 1431052509 0.459459459459
18891281 1431052493 0.302109704641
3094541350 1431052417 0.652542372881
33611715 1431052049 0.800259403372
1336965146 1431051805 0.459459459459
2585970941 1431051602 0.781900452489
2719426832 1431051583 0.781900452489
1887577879 1431051582 0.781900452489
2585970941 1431051581 0.724750277469
2719426832 1431051577 0.724750277469
2719398480 1431051565 0.781900452489
2719398480 1431051556 0.724750277469
1887577879 1431051551 0.724750277469
2543131938 1431051496 0.781900452489
270817509 1431051327 1.0
26566469 1431051247 0.526717557252
2359028480 1431051146 0.544877606528
3026987458 1431051145 0.631382316314
807095 1431050889 0.808763446906
3047138102 1431050631 0.330713082538
247870043 1431050583 0.367745249101
1228840274 1431050418 0.204545454545
1141293757 1431050413 0.459459459459
1141293757 1431050403 0.459459459459
213098960 1431050395 0.544877606528
2593165068 1431050263 0.367745249101
289148078 1431050105 0.524542829644
464461104 1431049957 0.866666666667
990802033 1431049939 0.747868453106
2359028480 1431049865 0.530601922104
2282413016 1431049762 0.527968596663
3026987458 1431049753 0.527968596663
73699142 1431049428 0.519755409219
1259497776 1431049062 0.0196078431373
66466160 1431049017 -1.0
244317966 1431048909 0.539461467038
3094541350 1431048779 0.826241134752
2993976664 1431048729 0.332638164755
3026987458 1431048643 0.582504970179
2282413016 1431048604 0.592480936336
278816602 1431048587 0.571028560762
150146062 1431048578 0.593566240055
1228840274 1431048466 0.553191489362
1228840274 1431048460 0.0196078431373
3034424365 1431048444 0.0181818181818
3075812854 1431048234 0.544877606528
749069754 1431048234 0.661622426197
1004395910 1431048229 0.544877606528
505267902 1431048228 0.544877606528
1162112953 1431048178 0.747868453106
73699142 1431048012 0.544877606528
3025097440 1431047939 0.266195524146
18383195 1431047914 0.544877606528
2816884699 1431047857 0.332638164755
429131939 1431047801 0.747868453106
624531763 1431047795 0.759071117562
1623287251 1431047735 0.800259403372
2593165068 1431047607 0.800259403372
2976206477 1431047577 0.593896713615
1547574926 1431047575 0.544877606528
1128097964 1431047574 0.705802968961
70896129 1431047526 0.747868453106
2593165068 1431047344 0.800391389432
2799497911 1431047139 -1.0
3034424365 1431047118 0.553191489362
1669934971 1431047114 -1.0
92157633 1431047085 -1.0
160930875 1431047067 0.800259403372
1304762178 1431046932 0.800259403372
15754281 1431046868 0.800391389432
47382788 1431046840 0.538461538462
16012783 1431046801 0.545572354212
3187732371 1431046736 -1.0
2593165068 1431046664 0.800259403372
3187732371 1431046608 0.833590138675
15754281 1431046470 0.711519845111
150146062 1431046241 0.351711026616
247870043 1431046125 0.62676056338
429131939 1431045985 0.77324120603
425109461 1431045974 0.800259403372
2593165068 1431045699 0.800391389432
2359028480 1431045683 0.654986522911
2467791 1431045658 0.62676056338
853727768 1431045641 0.800259403372
854907884 1431045637 0.800259403372
3761241 1431045560 0.611599297012
529700870 1431045511 0.77324120603
24481831 1431045499 0.692048012003
1388379596 1431045470 0.524178950091
1020397926 1431045448 0.717352415027
312149882 1431045209 0.724934383202
166002047 1431045194 0.800259403372
1877831 1431045003 0.808763446906
3025097440 1431044969 0.590711723617
570213392 1431044968 0.654986522911
570213392 1431044968 0.654986522911
2282413016 1431044967 0.590711723617
273465530 1431044951 0.654986522911
1547574926 1431044934 0.717352415027
273465530 1431044918 0.654986522911
28818582 1431044880 0.69670075246
1241258612 1431044853 0.679264396478
28818582 1431044843 0.69670075246
11855772 1431044835 0.654986522911
14173315 1431044835 0.654986522911
14173315 1431044793 0.654986522911
150146062 1431044738 0.717352415027
47382788 1431044469 0.635163982146
244317966 1431044439 0.768585802124
2684865902 1431044235 0.535179520206
92157633 1431043855 0.427272727273
976988131 1431043790 0.510139416984
34921903 1431043717 0.656776803776
379962842 1431043676 0.512336719884
47382788 1431043620 0.450287907869
1692174140 1431043264 0.598456790123
58446094 1431042824 0.409129332206
160930875 1431042785 0.52101400934
32922549 1431042728 0.598456790123
2684865902 1431042710 0.522750955193
1141293757 1431042588 0.685534591195
32922549 1431042393 0.342857142857
1336965146 1431042287 0.409129332206
312149882 1431042190 0.724934383202
32922549 1431042055 0.64598540146
32922549 1431041996 0.22480620155
87995697 1431041836 0.327604726101
1336965146 1431041825 0.685534591195
18891281 1431041816 0.661320402835
787546010 1431041502 0.58174904943
2209587206 1431041290 0.739484396201
2209587206 1431041245 0.58174904943
2209587206 1431041231 0.808846761453
2209587206 1431041194 0.489381491242
153876973 1431040991 0.598456790123
2209587206 1431040948 0.556333917104
1228840274 1431040918 0.22480620155
1228840274 1431040916 0.291600633914
403899803 1431040894 0.556333917104
403899803 1431040879 0.489381491242
403899803 1431040877 0.808846761453
403899803 1431040870 0.58174904943
403899803 1431040867 0.794158553547
403899803 1431040854 0.368913583857
403899803 1431040844 0.739484396201
1275624552 1431040766 0.58174904943
160930875 1431040745 0.58174904943
2282413016 1431040717 0.58174904943
153876973 1431040205 0.631284916201
2955551567 1431040008 0.666666666667
312149882 1431039196 0.724934383202
2279678299 1431039098 0.636121165936
3025097440 1431038112 -0.0614525139665
2359028480 1431037918 0.535179520206
1336965146 1431037910 0.685534591195
153876973 1431037692 0.562466487936
153876973 1431037692 0.507246376812
550684641 1431037618 0.58174904943
18956073 1431037567 0.562466487936
2799497911 1431037492 0.666666666667
2487791838 1431037405 0.666666666667
550684641 1431037380 0.808846761453
807095 1431037083 0.764705882353
550684641 1431036573 0.808846761453
241983890 1431036435 0.762711864407
312149882 1431036154 0.724934383202
34921903 1431036045 0.475211608222
18956073 1431035961 0.507246376812
2955551567 1431035707 0.507246376812
611915772 1431035272 0.504529616725
3094541350 1431034492 0.664835164835
234540332 1431034080 0.507246376812
20073874 1431033726 0.507246376812
18956073 1431033726 0.507246376812
29222106 1431033725 0.507246376812
539228727 1431033580 0.363265306122
3182840187 1431033510 0.363265306122
1877831 1431033364 0.762711864407
379962842 1431033339 0.563552833078
1141293757 1431033104 0.685534591195
27198487 1431032925 0.563552833078
1228840274 1431032795 0.22480620155
529700870 1431032776 0.635316698656
18662449 1431032769 0.522750955193
18662449 1431032718 0.41753157434
312149882 1431032217 0.724934383202
238265927 1431032171 0.458957533738
563455743 1431031478 0.440812963472
19458818 1431031275 0.562466487936
19458818 1431031264 0.41935483871
408777266 1431031239 0.530974328477
121812371 1431031038 0.629200463499
34921903 1431030419 0.692935635793
32922549 1431029936 1.0
2282413016 1431029770 0.0915750915751
2914005945 1431029764 0.818181818182
27198487 1431029558 0.522750955193
27198487 1431029456 0.389645776567
379962842 1431029242 0.522750955193
312149882 1431029140 0.724934383202
244317966 1431028517 0.275862068966
153876973 1431028335 0.58174904943
34921903 1431028244 0.464601769912
1877831 1431027909 0.71875
787546010 1431027556 0.58174904943
96363359 1431027242 0.6
727472528 1431026914 0.549931600547
1692174140 1431026892 0.47471451876
3034424365 1431026794 0.194285714286
2359028480 1431026664 0.58174904943
2291033166 1431026658 0.759213759214
213098960 1431026612 0.58174904943
1275624552 1431026554 0.58174904943
1228840274 1431026335 0.10740354536
1692174140 1431026240 0.557843137255
1241258612 1431025382 0.744316996872
1228840274 1431025232 0.0354223433243
591241651 1431025081 0.71198156682
1020397926 1431024791 0.6
1664059166 1431024125 0.47471451876
1128097964 1431024075 0.705802968961
24481831 1431024021 0.581916217337
34921903 1431023864 0.633333333333
3026987458 1431023795 0.710957057578
3026987458 1431023793 0.710957057578
